	A	C	D	E	F	G	H	I	K	L	M	N	P	Q	R	S	T	V	W	Y
1	0.039	0.0164	0.0045	0.0172	0.0995	0.0173	0.062	0.0185	0.0746	0.0992	0.1175	0.0643	0.0568	0.0446	0.0454	0.0249	0.0058	0.0402	0.1092	0.0429
2	0.0121	0.0155	0.0093	0.0298	0.4106	0.0034	0.0391	0.0163	0.0029	0.1007	0.1418	0.0246	0.0002	0.0095	0.0005	0.01	0.0138	0.0676	0.0484	0.0438
3	0.07	0.0393	0.0158	0.0227	0.0619	0.0244	0.0517	0.0024	0.0105	0.1891	0.185	0.0251	0.004	0.0337	0.0064	0.0753	0.1048	0.0402	0.008	0.0299
4	0.0142	0.0214	0.0472	0.0528	0.0678	0.0448	0.0357	0.0592	0.0755	0.1313	0.0283	0.0478	0.0925	0.0183	0.0666	0.0379	0.0326	0.0483	0.0155	0.0624
5	0.0224	0.0266	0.0518	0.0596	0.047	0.0224	0.0291	0.037	0.067	0.0989	0.0871	0.0378	0.0761	0.0707	0.0536	0.0416	0.0119	0.0229	0.0874	0.049
6	0.0282	0.0073	0.0005	0.0003	0.0065	0.9437	0.0	0.0001	0.0004	0.0017	0.0037	0.0005	0.0001	0.0001	0.0002	0.0034	0.0004	0.0007	0.0	0.0021
7	0.015	0.0063	0.0095	0.0068	0.0019	0.8921	0.0005	0.0015	0.0127	0.0053	0.0191	0.001	0.0001	0.0068	0.0109	0.0058	0.001	0.0012	0.0009	0.0015
8	0.0328	0.0405	0.0175	0.0326	0.0909	0.0115	0.0317	0.1033	0.0929	0.0888	0.0968	0.0221	0.0159	0.0355	0.0483	0.0164	0.0298	0.0548	0.06	0.0778
9	0.031	0.0286	0.0102	0.0334	0.0985	0.0214	0.026	0.0296	0.0899	0.0961	0.0882	0.0274	0.1194	0.0384	0.0461	0.0323	0.0257	0.0267	0.0259	0.1053
10	0.0041	0.0048	0.0009	0.0012	0.6308	0.0013	0.0108	0.0032	0.0078	0.1	0.1434	0.0024	0.0	0.0083	0.0041	0.0012	0.0029	0.0014	0.0351	0.0362
