#Seq2Logo.py -f A24_icore.out -o A24_logo
Last position-specific scoring matrix computed, values are in halfbits
A R N D C Q E G H I L K M F P S T W Y V
1 V -0.033 1.043 -1.079 -1.759 -3.317 -1.329 -2.318 -0.55 0.64 1.384 -1.041 0.813 0.466 -0.14 -0.528 0.472 0.254 -3.135 1.198 1.318
2 Y -2.915 -2.377 -3.08 -2.371 -1.319 -3.682 -3.259 -3.836 -1.214 -0.871 -1.721 -3.086 -1.952 3.805 -3.325 -2.997 -2.844 5.68 7.101 -2.251
3 Y -0.828 -1.539 -1.251 -1.652 -2.534 -0.929 -2.784 -1.653 -1.052 -0.057 -0.415 -1.868 -0.492 3.151 0.713 -1.186 -1.564 3.592 5.31 -1.392
4 P -0.017 -1.586 -0.596 0.737 -2.112 0.124 -0.774 -0.044 -1.256 0.927 0.139 -0.25 -0.648 0.372 2.556 -0.403 -1.275 0.863 -0.479 -0.806
5 G -0.267 -0.833 0.627 1.345 -1.506 -0.346 0.436 0.846 0.171 0.172 -1.066 -0.853 -0.155 -0.164 0.869 0.153 -0.796 -0.129 -0.114 -0.378
6 I 0.005 -0.791 0.398 0.488 -3.352 -1.156 -0.659 0.543 -0.3 1.529 -0.157 -1.179 -0.562 0.036 0.688 -0.869 0.625 0.312 -0.531 0.243
7 G -0.543 -1.08 0.062 -0.379 -3.4 -0.377 -0.309 0.893 0.836 0.728 -0.346 -1.465 0.036 0.91 0.818 -0.361 -0.226 1.868 1.024 -0.031
8 L -0.386 -0.776 -0.226 -0.701 -4.683 0.501 -0.097 -1.683 0.927 0.476 0.75 -1.727 0.353 1.204 -0.211 -0.467 0.668 1.21 0.996 0.428
9 L -0.295 -0.078 0.182 -1.439 -3.943 0.254 -0.159 -0.133 1.108 -0.244 1.014 -0.65 0.347 0.118 -2.79 -0.266 1.169 -0.086 1.319 -0.276
10 F -6.94 -7.603 -7.968 -8.331 -5.907 -8.209 -8.314 -7.931 -6.188 1.838 2.13 -7.867 -0.207 7.096 -9.108 -8.004 -6.937 5.869 -0.79 -2.231