	A	C	D	E	F	G	H	I	K	L	M	N	P	Q	R	S	T	V	W	Y
1	0.0935	0.0159	0.032	0.1054	0.0001	0.0384	0.0002	0.0099	0.0927	0.1287	0.2089	0.0107	0.0001	0.1029	0.0792	0.0087	0.0032	0.0564	0.0	0.0132
2	0.0703	0.0176	0.0003	0.0003	0.0	0.0165	0.0	0.0012	0.0	0.0003	0.0014	0.0024	0.832	0.0	0.0	0.0411	0.0053	0.0111	0.0	0.0
3	0.0175	0.0441	0.027	0.0048	0.0286	0.0051	0.0	0.151	0.0669	0.2168	0.2346	0.0534	0.0009	0.0193	0.0066	0.0078	0.0266	0.0849	0.0002	0.004
4	0.0222	0.0315	0.081	0.0707	0.045	0.0151	0.0241	0.0613	0.0628	0.0462	0.1281	0.0838	0.0281	0.0818	0.0387	0.0212	0.0156	0.0372	0.045	0.0606
5	0.0446	0.0913	0.0127	0.0489	0.0282	0.0858	0.028	0.0342	0.0664	0.0704	0.1306	0.0314	0.0342	0.0865	0.0328	0.0139	0.0502	0.0166	0.0284	0.0648
6	0.0043	0.0004	0.0	0.0	0.0	0.992	0.0	0.0001	0.0	0.0	0.0007	0.0	0.0001	0.0001	0.0001	0.0021	0.0001	0.0001	0.0	0.0
7	0.0287	0.0384	0.0161	0.0032	0.0127	0.1042	0.0194	0.0105	0.1603	0.0908	0.12	0.1484	0.0	0.0462	0.1189	0.0254	0.0136	0.0161	0.0062	0.0209
8	0.0238	0.0317	0.0072	0.0166	0.0901	0.0079	0.0826	0.0584	0.0644	0.0874	0.0707	0.0468	0.0092	0.0514	0.0631	0.0375	0.0639	0.0387	0.0417	0.107
9	0.0492	0.0408	0.0099	0.0517	0.0347	0.0226	0.0368	0.0331	0.0807	0.0569	0.0777	0.0105	0.2215	0.0597	0.0772	0.0365	0.0121	0.0205	0.0312	0.0368
10	0.017	0.0178	0.0014	0.004	0.0274	0.0082	0.0115	0.0215	0.0133	0.2853	0.5034	0.0076	0.0501	0.0161	0.0015	0.004	0.0009	0.0071	0.0015	0.0005