#Seq2Logo.py -f B07_icore.out -o B07_logo
Last position-specific scoring matrix computed, values are in halfbits
A R N D C Q E G H I L K M F P S T W Y V
1 A 1.403 2.183 -0.634 -6.306 -3.269 -0.178 -4.329 -0.104 2.048 0.552 -0.233 0.112 0.38 -1.307 -6.136 1.373 0.091 -2.518 0.917 -0.489
2 P -1.812 -2.284 -2.233 -2.45 -2.569 -3.824 -3.249 -3.198 -1.237 -2.182 -3.02 -2.774 -2.511 -3.525 7.288 -2.863 -2.506 -3.538 -2.971 -2.141
3 P -0.056 0.84 -1.679 -0.77 -1.809 -0.605 -2.336 -0.609 -1.249 -0.618 -1.335 -0.919 -1.198 -0.832 5.268 -1.388 -2.118 -0.971 0.002 -1.587
4 A 0.631 0.826 0.324 -0.005 -2.895 -0.394 0.052 0.433 0.954 -0.015 -0.811 -0.285 0.441 -0.509 0.619 -0.122 -0.908 0.127 0.509 -0.726
5 G 0.586 -0.949 -0.347 -0.346 -2.444 -0.74 -0.271 0.927 0.65 0.041 -0.441 0.172 -1.093 0.118 1.762 0.39 -0.596 -2.084 -0.965 -0.467
6 A 1.055 0.651 -0.361 -1.234 -2.416 -0.348 -1.505 1.043 0.747 0.379 -0.366 -0.281 -1.736 -0.95 0.619 -0.239 -0.272 -0.356 -0.054 0.512
7 R 0.436 1.964 -1.185 -1.724 -2.424 -0.571 -1.653 0.7 -0.877 0.184 -0.311 -0.301 -0.565 -0.288 0.864 0.355 0.25 -0.928 -0.633 0.238
8 A 1.368 0.136 -0.725 -1.43 -1.142 -0.127 -0.687 -0.289 0.211 0.521 -0.152 -1.119 0.586 -0.79 0.431 0.467 0.894 -2.616 -2.535 0.398
9 A 1.719 -0.293 -1.041 -1.081 -1.688 0.394 0.173 -1.059 -0.871 -0.609 -0.608 -1.241 -0.435 -1.117 0.486 0.926 0.883 -0.118 -0.749 0.598
10 L -1.604 -7.204 -7.958 -8.221 -5.149 -7.479 -8.028 -7.267 -6.837 1.836 4.515 -7.314 4.062 3.363 -8.425 -7.569 -6.302 -2.983 -3.53 1.609